-1 0 0.5 0.0010059
0 0 0.25 0.0
0 1 0.25 0.0
0 3 0.25 0.0
0 5 0.12 0.0
0 7 0.08 0.0004
0 7 0.25 0.0007
0 7 0.42 0.0009
0 7 0.58 0.0011
0 7 0.75 0.0013
0 7 0.92 0.0015
0 8 0.08 0.0004
0 8 0.25 0.0007
0 8 0.42 0.0009
0 8 0.58 0.0011
0 8 0.75 0.0013
0 8 0.92 0.0015
0 5 0.38 0.0
0 5 0.62 0.0
0 5 0.88 0.0002
0 6 0.04 0.0
0 6 0.12 0.0
0 6 0.21 0.0
0 6 0.29 0.0002
0 6 0.38 0.0004
0 6 0.46 0.0006
0 6 0.54 0.0008
0 6 0.62 0.001
0 6 0.71 0.0012
0 6 0.79 0.0014
0 6 0.88 0.0016
0 6 0.96 0.0018
0 3 0.75 0.0
0 4 0.25 0.0
0 9 0.04 0.0
0 9 0.12 0.0
0 9 0.21 0.0
0 9 0.29 0.0002
0 9 0.38 0.0004
0 9 0.46 0.0006
0 9 0.54 0.0008
0 9 0.62 0.001
0 9 0.71 0.0012
0 9 0.79 0.0014
0 9 0.88 0.0016
0 9 0.96 0.0018
0 10 0.12 0.0
0 11 0.08 0.0004
0 11 0.25 0.0007
0 11 0.42 0.0009
0 11 0.58 0.0011
0 11 0.75 0.0013
0 11 0.92 0.0015
0 12 0.08 0.0004
0 12 0.25 0.0007
0 12 0.42 0.0009
0 12 0.58 0.0011
0 12 0.75 0.0013
0 12 0.92 0.0015
0 10 0.38 0.0
0 10 0.62 0.0
0 10 0.88 0.0002
0 4 0.75 0.0
0 1 0.75 0.0
0 2 0.25 0.0
0 13 0.25 0.0
0 15 0.12 0.0
0 17 0.08 0.0004
0 17 0.25 0.0007
0 17 0.42 0.0009
0 17 0.58 0.0011
0 17 0.75 0.0013
0 17 0.92 0.0015
0 18 0.08 0.0004
0 18 0.25 0.0007
0 18 0.42 0.0009
0 18 0.58 0.0011
0 18 0.75 0.0013
0 18 0.92 0.0015
0 15 0.38 0.0
0 15 0.62 0.0
0 15 0.88 0.0002
0 16 0.04 0.0
0 16 0.12 0.0
0 16 0.21 0.0
0 16 0.29 0.0002
0 16 0.38 0.0004
0 16 0.46 0.0006
0 16 0.54 0.0008
0 16 0.62 0.001
0 16 0.71 0.0012
0 16 0.79 0.0014
0 16 0.88 0.0016
0 16 0.96 0.0018
0 13 0.75 0.0
0 14 0.25 0.0
0 19 0.04 0.0
0 19 0.12 0.0
0 19 0.21 0.0
0 19 0.29 0.0002
0 19 0.38 0.0004
0 19 0.46 0.0006
0 19 0.54 0.0008
0 19 0.62 0.001
0 19 0.71 0.0012
0 19 0.79 0.0014
0 19 0.88 0.0016
0 19 0.96 0.0018
0 20 0.12 0.0
0 21 0.08 0.0004
0 21 0.25 0.0007
0 21 0.42 0.0009
0 21 0.58 0.0011
0 21 0.75 0.0013
0 21 0.92 0.0015
0 22 0.08 0.0004
0 22 0.25 0.0007
0 22 0.42 0.0009
0 22 0.58 0.0011
0 22 0.75 0.0013
0 22 0.92 0.0015
0 20 0.38 0.0
0 20 0.62 0.0
0 20 0.88 0.0002
0 14 0.75 0.0
0 2 0.75 0.0
0 0 0.75 0.0
1 0 0.25 0.0
1 1 0.25 0.0
1 3 0.12 0.0
1 5 0.08 0.0004
1 5 0.25 0.0006
1 5 0.42 0.0008
1 5 0.58 0.001
1 5 0.75 0.0012
1 5 0.92 0.0014
1 6 0.08 0.0004
1 6 0.25 0.0006
1 6 0.42 0.0008
1 6 0.58 0.001
1 6 0.75 0.0012
1 6 0.92 0.0014
1 3 0.38 0.0
1 3 0.62 0.0
1 3 0.88 0.0002
1 4 0.04 0.0
1 4 0.12 0.0
1 4 0.21 0.0
1 4 0.29 0.0001
1 4 0.38 0.0003
1 4 0.46 0.0005
1 4 0.54 0.0007
1 4 0.62 0.0009
1 4 0.71 0.0011
1 4 0.79 0.0013
1 4 0.88 0.0015
1 4 0.96 0.0017
1 1 0.75 0.0
1 2 0.25 0.0
1 7 0.04 0.0
1 7 0.12 0.0
1 7 0.21 0.0
1 7 0.29 0.0001
1 7 0.38 0.0003
1 7 0.46 0.0005
1 7 0.54 0.0007
1 7 0.62 0.0009
1 7 0.71 0.0011
1 7 0.79 0.0013
1 7 0.88 0.0015
1 7 0.96 0.0017
1 8 0.12 0.0
1 9 0.08 0.0004
1 9 0.25 0.0006
1 9 0.42 0.0008
1 9 0.58 0.001
1 9 0.75 0.0012
1 9 0.92 0.0014
1 10 0.08 0.0004
1 10 0.25 0.0006
1 10 0.42 0.0008
1 10 0.58 0.001
1 10 0.75 0.0012
1 10 0.92 0.0014
1 8 0.38 0.0
1 8 0.62 0.0
1 8 0.88 0.0002
1 2 0.75 0.0
1 0 0.75 0.0
