-1 0 0.5 0.0
0 0 0.25 0.0012
0 1 0.25 0.0013
0 3 0.25 0.0017
0 5 0.12 0.0021
0 7 0.08 0.0031
0 7 0.25 0.0033
0 7 0.42 0.0036
0 7 0.58 0.0038
0 7 0.75 0.0041
0 7 0.92 0.0043
0 8 0.08 0.0031
0 8 0.25 0.0033
0 8 0.42 0.0036
0 8 0.58 0.0038
0 8 0.75 0.0041
0 8 0.92 0.0043
0 5 0.38 0.0024
0 5 0.62 0.0026
0 5 0.88 0.0029
0 6 0.04 0.0021
0 6 0.12 0.0024
0 6 0.21 0.0026
0 6 0.29 0.0028
0 6 0.38 0.0031
0 6 0.46 0.0033
0 6 0.54 0.0035
0 6 0.62 0.0038
0 6 0.71 0.004
0 6 0.79 0.0042
0 6 0.88 0.0045
0 6 0.96 0.0047
0 3 0.75 0.0019
0 4 0.25 0.0017
0 9 0.04 0.0021
0 9 0.12 0.0024
0 9 0.21 0.0026
0 9 0.29 0.0028
0 9 0.38 0.0031
0 9 0.46 0.0033
0 9 0.54 0.0035
0 9 0.62 0.0038
0 9 0.71 0.004
0 9 0.79 0.0042
0 9 0.88 0.0045
0 9 0.96 0.0047
0 10 0.12 0.0021
0 11 0.08 0.0031
0 11 0.25 0.0033
0 11 0.42 0.0036
0 11 0.58 0.0038
0 11 0.75 0.0041
0 11 0.92 0.0043
0 12 0.08 0.0031
0 12 0.25 0.0033
0 12 0.42 0.0036
0 12 0.58 0.0038
0 12 0.75 0.0041
0 12 0.92 0.0043
0 10 0.38 0.0024
0 10 0.62 0.0026
0 10 0.88 0.0029
0 4 0.75 0.0019
0 1 0.75 0.0015
0 2 0.25 0.0013
0 13 0.25 0.0017
0 15 0.12 0.0021
0 17 0.08 0.0031
0 17 0.25 0.0033
0 17 0.42 0.0036
0 17 0.58 0.0038
0 17 0.75 0.0041
0 17 0.92 0.0043
0 18 0.08 0.0031
0 18 0.25 0.0033
0 18 0.42 0.0036
0 18 0.58 0.0038
0 18 0.75 0.0041
0 18 0.92 0.0043
0 15 0.38 0.0024
0 15 0.62 0.0026
0 15 0.88 0.0029
0 16 0.04 0.0021
0 16 0.12 0.0024
0 16 0.21 0.0026
0 16 0.29 0.0028
0 16 0.38 0.0031
0 16 0.46 0.0033
0 16 0.54 0.0035
0 16 0.62 0.0038
0 16 0.71 0.004
0 16 0.79 0.0042
0 16 0.88 0.0045
0 16 0.96 0.0047
0 13 0.75 0.0019
0 14 0.25 0.0017
0 19 0.04 0.0021
0 19 0.12 0.0024
0 19 0.21 0.0026
0 19 0.29 0.0028
0 19 0.38 0.0031
0 19 0.46 0.0033
0 19 0.54 0.0035
0 19 0.62 0.0038
0 19 0.71 0.004
0 19 0.79 0.0042
0 19 0.88 0.0045
0 19 0.96 0.0047
0 20 0.12 0.0021
0 21 0.08 0.0031
0 21 0.25 0.0033
0 21 0.42 0.0036
0 21 0.58 0.0038
0 21 0.75 0.0041
0 21 0.92 0.0043
0 22 0.08 0.0031
0 22 0.25 0.0033
0 22 0.42 0.0036
0 22 0.58 0.0038
0 22 0.75 0.0041
0 22 0.92 0.0043
0 20 0.38 0.0024
0 20 0.62 0.0026
0 20 0.88 0.0029
0 14 0.75 0.0019
0 2 0.75 0.0015
0 0 0.75 0.0012
1 0 0.25 0.0012
1 1 0.25 0.0016
1 3 0.12 0.002
1 5 0.08 0.003
1 5 0.25 0.0032
1 5 0.42 0.0035
1 5 0.58 0.0037
1 5 0.75 0.004
1 5 0.92 0.0042
1 6 0.08 0.003
1 6 0.25 0.0032
1 6 0.42 0.0035
1 6 0.58 0.0037
1 6 0.75 0.004
1 6 0.92 0.0042
1 3 0.38 0.0023
1 3 0.62 0.0025
1 3 0.88 0.0028
1 4 0.04 0.002
1 4 0.12 0.0023
1 4 0.21 0.0025
1 4 0.29 0.0027
1 4 0.38 0.003
1 4 0.46 0.0032
1 4 0.54 0.0034
1 4 0.62 0.0037
1 4 0.71 0.0039
1 4 0.79 0.0041
1 4 0.88 0.0044
1 4 0.96 0.0046
1 1 0.75 0.0018
1 2 0.25 0.0016
1 7 0.04 0.002
1 7 0.12 0.0023
1 7 0.21 0.0025
1 7 0.29 0.0027
1 7 0.38 0.003
1 7 0.46 0.0032
1 7 0.54 0.0034
1 7 0.62 0.0037
1 7 0.71 0.0039
1 7 0.79 0.0041
1 7 0.88 0.0044
1 7 0.96 0.0046
1 8 0.12 0.002
1 9 0.08 0.003
1 9 0.25 0.0032
1 9 0.42 0.0035
1 9 0.58 0.0037
1 9 0.75 0.004
1 9 0.92 0.0042
1 10 0.08 0.003
1 10 0.25 0.0032
1 10 0.42 0.0035
1 10 0.58 0.0037
1 10 0.75 0.004
1 10 0.92 0.0042
1 8 0.38 0.0023
1 8 0.62 0.0025
1 8 0.88 0.0028
1 2 0.75 0.0018
1 0 0.75 0.0014
